-1.184586289995148256e+00
-8.003638991180887785e-02
-1.222723977198309164e+00
4.624676320827354470e-01
-2.288154606532703250e-01
-1.043514441866796316e+00
-6.067221706737156717e-02
-6.508349230999482815e-01
-4.261534305834914216e-01
-8.982714005892725728e-01
-1.713784204960011381e+00
9.918492111664169164e-02
1.030994045464791231e+00
-1.700935538657106366e-02
9.782463508391915363e-01
-2.770536566700222969e-01
1.365767485028587247e+00
-2.967064210354333653e+00
5.184415318610154262e-03
-1.320996631131441112e-01
5.564046589958161482e-01
-8.796005124322898716e-01
1.032684735892973604e+00
-3.026672909324559679e+00
9.209480003806440607e-01
-1.073623245175625573e+00
1.168047056156334002e-01
9.099577072981761550e-01
1.243837761628709959e+00
-1.521911707482913156e+00
7.017434250795367978e-02
-7.087300588566103343e-01
-1.624252348962717807e-01
3.131731008052055509e-01
1.099922909058118625e+00
-7.877593063018116792e-01
-2.030264528154669679e-02
2.349350235965750766e+00
-8.045482952876061855e-01
-2.687765878993850333e+00
-6.210755813468302744e-01
-1.022011117549569553e-01
1.143015346466837556e+00
-2.711578352730471542e-01
-7.390264978606424506e-01
2.310807936778915550e-01
1.474488652875447225e-01
-1.617767899308116597e+00
-6.762644102648653011e+00
-5.509715986491013906e-01
-1.568408406155430979e-01
-6.388505656647586184e-01
-2.453856346644912867e-01
7.685917817653106221e-01
-4.520016712690638067e-02
6.513835136610050813e-02
-8.357893130824916028e-01
-4.258204158896432001e-01
1.190779655040887786e-01
-5.914977882565430889e-01
1.289515096689739959e+00
5.000575302122423071e-01
-1.588674603159298648e+00
2.889835311196486400e-01
-1.173597397492729844e+00
-1.133757467048758683e+00
-4.235590569516316517e-01
-6.173644387443072423e-01
-8.546124593049290175e-01
-1.002122557359295563e+00
9.485392721129677351e-01
6.065470058713892110e-01
7.298187535581469598e-01
5.045096757314493363e-01
7.020422023817927126e-01
-8.775351529064798206e-02
4.098649004543813978e-01
-3.215637948887803077e+00
9.732097211822627880e-01
1.295409013324206660e+00
-2.697212146461168136e-01
-5.864103853957319812e-01
6.164704604617946559e-01
8.363759648120193679e-01
-8.159173500395904000e-02
-1.297846234220628281e+00
8.116890932923173096e-01
6.441184502527426137e-01
5.389354759251324900e+00
-3.870935928809665083e-01
2.308162726058785724e-02
3.378742552610007888e-01
4.652842962349681283e-02
-1.317018519866156145e+00
-5.083241503958075835e-01
2.257755057241707386e-01
8.894888825620235195e-01
-5.652536043550675515e-01
-1.428397097746891553e-01
8.101660579582870003e-01
2.332557068360526120e+00
-9.962396898113839994e-01
6.705823659079355181e-01
4.390579645600806713e-01
-8.700456745842268802e-01
9.033837755435244476e-01
2.365662203889150050e-01
2.640055730428853553e-01
-6.694216496139632211e-01
-8.122870617434394536e-01
6.840977690700517089e-01
-2.051236338934709913e-01
-3.616034762602944874e-01
-4.870400875653465023e-01
9.995428799058792002e-02
-8.211853815343016505e-01
-6.425471497336873172e-01
6.446356113303678415e-01
-5.685849027769825925e-01
-7.361839100124237811e-01
-1.477282672531242957e-01
3.999423555524243556e-01
-1.271394356171565265e+00
1.216895292270779638e+00
-1.650009500681324515e-01
-1.713306150629290148e+00
1.518017277960851397e+00
2.460409828370729579e-01
-1.074370956243099640e+00
1.004073173312215600e-01
-1.599613728700757520e-01
-2.022964459589907116e-01
3.413283969977254362e-01
4.197823779057768268e-01
2.942156383637346551e-01
-4.822481138738003992e-01
9.981190626172550262e-01
-1.276661016704404850e-01
-5.469556403005538803e-01
2.745696727206832499e-02
4.293090876105973286e-01
1.532767819249067527e-02
-4.407891343405535567e-01
3.021024524242995057e-01
9.411748913886182344e-02
-4.108338832221584136e-01
1.238079733986269693e+00
-4.745260014612338595e-01
6.403989194556932718e-01
1.185773611347674450e+00
