-5.509044959868063529e-01
-1.293964800547292571e-01
-1.217552602009037033e+00
4.992143226380430510e-01
-1.962078923471784753e-01
-4.503079096283709726e-01
-5.550715648198254609e-02
-3.522076452411387892e-01
-4.463885919384077416e-01
-8.461701693231822308e-01
-1.714332298505413021e+00
1.218398184468720835e-01
9.850496925522269631e-01
-2.875081239615788764e-01
2.586510580972709583e-01
1.032774123413864736e-01
1.366910178736435277e+00
-2.812488600744721179e+00
8.746921913560456400e-04
-1.320996631131440280e-01
5.564046589958085987e-01
-8.718533413121350995e-01
8.708602462322870830e-01
-3.336543240877396954e+00
-2.399143229700779201e-01
-3.221907648606114893e-01
1.168047056156334002e-01
9.099577072981761550e-01
1.142714607307149688e+00
1.561464511064961203e+00
4.725595100398711015e-03
-6.958542771432728591e-01
1.023755965025007209e-01
-1.008543664399831563e+00
1.099922909058118625e+00
-7.540938049040308844e-01
-1.891108738036510750e-01
2.604997211819457981e+00
-1.977973034212780201e-01
-3.351381618830698184e+00
-1.629184668240264422e-01
-4.682547057317210659e-01
1.143074444532964362e+00
-2.711578352730471542e-01
-7.806081642335072068e-01
8.152745453070731063e-02
-2.756387084301110679e-01
-1.617767899308151902e+00
-7.885833615339661762e+00
-5.474869942171393111e-01
-1.523609822564918059e-01
-6.388505656647603947e-01
-2.953937813434689974e-01
-8.785342372859435978e-01
-1.051416218711634515e-01
6.652925237258511260e-02
-2.799603969501950340e-01
-4.190708962216918576e-01
6.458089040242477596e-02
-1.340075501678820134e-02
2.132198052155060974e+00
5.406079072140657082e-01
-1.729183071232819779e+00
5.216644263178755736e-01
-1.345724095955117328e+00
-1.299918665757124669e+00
-4.229881985389615240e-01
-6.120372041607963220e-01
-9.075877525383930777e-01
-1.028803316052544492e+00
1.014217661633554313e+00
6.427097779313375447e-01
7.594510380801587912e-01
2.927660356529737662e-01
8.413689873424233800e-01
-6.537228161200324406e-02
4.611465779587733960e-01
-3.361877045823931542e+00
1.283504885185712929e+00
1.295904887417299367e+00
-4.545790312667907229e-01
-5.348112879020969768e-01
6.134489501775118869e-01
8.211583474273935757e-01
-1.310883558457275611e-01
-1.090747957596831519e+00
7.413630766293634045e-01
3.624060706569349755e-01
2.583824416183233996e+00
2.306268159213859525e-01
-6.046945200939418674e-01
3.949893054591753216e-01
3.930674810121680407e-01
-8.388986942523339874e-01
-5.785818754256861762e-01
1.263778614646401954e-01
-6.109270051160959891e-01
-6.922977549600783931e-01
-1.670462175305056640e-01
8.101660579582870003e-01
2.326699435337738375e+00
-1.424640917901441650e+00
6.713995708920879046e-01
5.346696374453457912e-01
-6.073567497873662013e-01
9.213263778069827881e-01
-6.335109756511345669e-01
3.395822386041896790e-01
-1.478133779883204824e+00
6.884880612564788782e-01
8.274506097902163404e-01
-1.784738847314318033e-01
-3.618013587521660690e-01
-4.870400875653465023e-01
1.009739798804992761e-01
-8.211853815343016505e-01
-6.425471497338572924e-01
6.446356113303678415e-01
-5.683219601307283320e-01
-7.393715415695565341e-01
-1.338943270217635706e-01
3.999423732631744999e-01
-1.271394356171565265e+00
1.216895292270779638e+00
-1.649029467531706872e-01
-1.993651316408261209e+00
1.371283396906457286e+00
-6.533753186411198066e-02
-1.074370956243099640e+00
9.191810328604542446e-02
-1.599613728703208337e-01
-2.022964459589907116e-01
4.778664244193718824e-01
4.134002256107447426e-01
2.918969058958331142e-01
-4.822481138738003992e-01
9.981190626172515845e-01
-1.206596436679848450e-01
-4.508595831058834214e-01
2.745696727206832499e-02
4.274102349322800865e-01
1.341063864080778087e-02
-4.409700456872427954e-01
3.021024524242995057e-01
9.411409065166476129e-02
-4.108338832221584136e-01
1.238079733986269693e+00
-4.751633148917534522e-01
6.403989194556932718e-01
1.185773611347674450e+00
