-6.014082939848028886e-01
-1.328909977650169320e-02
6.469134534284150639e+00
-3.710384552203723207e-01
5.267445492966499998e+00
1.875324154708552515e-01
8.401655267988653586e-01
-4.120245411710780903e-02
1.879971001767613670e+00
1.910448873274645409e+00
1.798360759900068384e-01
-1.487047532918361004e+00
5.285593698634994952e-01
6.591626720927742378e-01
1.691475789429235377e+00
9.984187935508687106e-01
-1.179098413854893224e+00
1.610104101660970288e+00
6.519101219662233326e+00
7.753697814675727384e-01
1.388082982020750755e-01
1.417468950260596161e+00
-1.285759472607748144e+00
-6.216763823750168783e-01
-9.641048547745940667e-01
-3.189900760527701329e-01
-7.531969461359466322e+00
-2.244991512160668112e-01
8.473841293348860493e-01
-3.206115604834590682e-01
-3.139595997070707134e-02
3.728241492764282072e-01
-1.997096093071186296e+00
-3.519235582863975559e-02
-2.332967214515040133e-01
-6.882540406480852635e-01
-8.467153690851353387e-01
4.108618256889056686e-01
-4.611733135660895377e-01
1.094138824694948831e+00
-1.003665784426683860e+00
2.339311260941444814e+00
-5.267406081650402028e-01
-9.311867111354665827e-01
4.498854571936006241e-01
-2.300109735927144960e-01
-6.358300338957356690e-01
6.440031389529224937e-01
1.907482943156812327e+00
3.974900908949766443e+00
-1.555201253976287168e+00
-1.302225253956397744e+01
4.069877270587308971e+00
3.386136479227962529e-03
2.314751247660473688e+00
2.743837706233506757e-01
-4.520214236324407331e+00
1.240566291980532282e-01
1.707080162989709660e+00
-3.828449924076889221e+00
2.091643254346684244e-01
3.016903780848758654e+00
-4.360682725069936261e+00
-1.066432005938595523e-01
-6.385803029478334114e-01
-3.995577936716378620e+00
7.807556324857675145e-01
-1.011036538474870267e-01
-4.533096790142066013e-01
-1.472831640689888033e+00
-3.069068978880330700e+00
3.245821047481944888e+00
3.816239090826718972e+00
1.080607753421744643e+00
-4.867603170336650686e-01
-5.410018667845518658e-01
8.546776196746682652e-01
-5.928620658230735252e+00
-6.694126913701374526e-02
8.558304827379863144e-02
-2.701181673898921165e+00
-7.077307100361012182e-01
