-2.815175685672112738e-01
-2.780563391693729347e+00
-3.232092077461565349e+00
2.706182093136816902e-01
-1.061782323456056804e-01
2.013929413606117880e+00
-1.064902556000560496e+00
1.280458235990973304e+00
3.367391008832415711e+00
-1.546833127260974772e+00
1.765049921246119036e+00
-9.036943678668354352e-01
-2.872857856077735139e+00
-1.846873095866289477e-02
-3.223469951260727662e+00
3.373205758421926048e-01
-1.859345537690464623e+00
-9.606992127880012999e-01
3.657995658037498377e+00
2.979313380315268933e+00
-3.600590284394465268e+00
-5.739190369689817217e+00
-6.131637872056287186e+00
1.525986291353683022e+00
3.106894748293217212e+00
4.376796331182915445e+00
1.095915302339837361e+00
-2.845813602313496671e-01
-1.667528493694384606e+00
2.048183380549686294e+00
-3.768605680392612900e+00
-1.455493049115738957e+00
-5.694557285993909757e-01
-1.757970591668694516e+00
-2.821340444340237230e+00
-1.651444587897047400e+00
-7.430544647051489093e-01
3.245928351247120869e+00
-2.491485235261170939e+00
-3.263273656503870246e+00
-1.021875463711646947e+00
7.451935232200086467e+00
-1.457283285427003916e+00
1.248616305068675603e+00
-3.816763784327780851e+00
-3.694995649534179444e-02
5.746240071052525877e+00
-2.663795015495400431e+00
-3.908862844596345393e-02
-2.661183246350312892e+00
9.386241401761068470e-01
-1.574618512316742658e+00
2.386019377631836580e+00
3.535950775926704370e+00
6.451505099417208733e+00
-2.709069286936275134e+00
9.182021492262014695e-01
-2.818995977813186560e+00
-2.560193424914914750e+00
-3.630025742603538053e+00
-4.672764764020294059e+00
1.666579334847538618e+01
3.669525054554393151e+00
9.637838579070433509e-01
-2.285920872948861426e-01
-2.896810814706049175e+00
4.644469172592234685e+00
8.650933655649473142e-01
-2.133136658533132834e+00
2.141124392723646519e+00
3.284502717715358955e+00
3.857015328639609830e+00
-5.051255135985660338e+00
-5.146033157122308133e+00
-3.336130756192206892e+00
2.881909051753446693e+00
2.480514359573416927e-01
-3.872053188080018860e+00
8.403467781273582515e-01
7.159868698013847066e-01
4.956507500459766291e+00
5.097379988003997831e+00
-6.220448582321351783e-01
1.986128672686249930e+00
6.107089927245172412e+00
8.902957935283109525e-02
-7.680589899391390141e-01
-6.006247596848095505e-01
-4.752865280986156904e+00
2.635627075212182646e+00
-3.317118976165178146e-01
3.450179054255232192e+00
1.124220532402569583e+00
1.374613381927004241e+01
-1.427841407568247067e+00
3.557525560063041770e+00
-3.658888634024270448e-01
-6.253820592554469648e+00
-4.478228856766735433e+00
1.741563818119227003e+00
-3.380796055414604928e-01
-2.656058571599205553e+00
-2.824457967997807462e+00
1.534009063669973527e-01
-1.665059445410596306e-01
2.141448797308439733e+00
1.915227599355359800e+00
-2.527818088892638482e+00
5.732405579651785210e+00
3.839735829946301582e+00
-2.802972712169881642e-01
5.880279610819711955e-01
2.466630156761364934e-01
1.683736428848807920e+00
5.354946071271561303e-01
-6.009128145260606013e-01
2.496018836218965031e+00
-1.250187370467382708e+00
-8.644094332500874556e-01
2.152163414403574504e-01
-6.074270471439160296e-02
-1.159647136270800794e-01
5.611811944114418749e-01
-1.523532336184691083e+00
-2.572882735273325672e+00
-3.391100220589400305e+00
-5.138712343549221018e+00
-8.182884095409571401e+00
-4.156256787624522886e+00
5.880283391758630351e+00
-3.154670390999102736e+00
-1.632998438132854169e+00
3.227498647222129868e+00
3.715326678105971059e+00
-7.446302005225835519e-01
7.809630627675722359e+00
-4.870975532388494678e+00
8.827925693751185188e-01
7.431091433891533482e-01
-4.238178795997828985e+00
1.222434313813794526e+00
1.245312947173150997e+00
3.046110432990006611e+00
-2.679451699688051303e-01
-5.752921889781125842e+00
7.632732332796573482e-01
3.762556970522350053e+00
-3.706254892774880627e-01
-2.147020746067740404e+00
-3.598277541235891941e-01
1.799731216876250484e+00
1.808701751751244258e+00
3.292335864033468340e+00
-1.891620312308844643e+00
5.358971400154385556e+00
-5.664095860364040114e+00
-2.945780461247804904e+00
2.919277610673233436e+00
-1.528554516698298338e+00
1.290412685080686073e+00
2.951571655534859673e+00
2.122591483780348565e+00
-2.790556071015711237e-01
1.829912531314087820e+00
-6.783695605398184725e+00
3.437967481583894092e+00
-8.274067196030571836e+00
-1.361219571448548660e+00
-3.470319428130709816e-01
6.127884491925259525e-01
2.793023197227036736e+00
-4.914197642998469284e+00
-3.866029768047305470e+00
6.052028648872718186e+00
-2.071562509500192828e+00
4.857464377475820272e-01
4.727813761041606888e+00
3.261134967488533043e+00
6.647315505650323253e+00
1.906683650102510175e+00
1.516765519235228954e+00
5.431542585970142945e+00
-2.154997059829285300e-01
-4.044120613962798316e+00
1.918891939517262113e+00
-3.199473219204911345e-01
-1.750474321026328051e+00
-2.607013075040354622e+00
-4.174375010603344371e+00
2.970606782908431942e+00
-1.622332163341931643e+00
4.423524753524543107e-01
-2.457696189745914861e+00
-1.845400817800116888e+00
8.994113653490705129e-01
3.657118466952375968e+00
3.283883397279208971e+00
4.093199570059038450e+00
4.295515537493141522e+00
-6.508513397283501867e+00
4.750671027282409753e+00
4.654936924630927564e+00
1.782494316063421458e+00
4.108899602984117827e+00
2.575691789080666094e+00
1.756195311508760293e+00
-4.074285524436944250e+00
-1.196568184435756965e+00
-1.897848098890315027e+00
-9.484592653238376414e+00
2.106735265203492358e-01
-3.088816843315897120e+00
1.140520947471910906e+00
7.688107993008158614e-01
-2.878794487688227655e+00
-2.002059318493518258e+00
-9.906654320767213084e-01
2.744917580686939473e+00
-3.793157386362560057e+00
1.761303183494040470e+00
-5.594968998542793059e+00
-1.099875611318910762e+00
1.349877971732667215e+00
2.450336890707364379e+00
2.649038924599452560e+00
-3.776036916742135485e+00
-5.952421453198034618e-01
3.951216089450151792e+00
4.527773159118703816e+00
-3.887579875810887042e+00
3.539636506040423125e+00
-6.074786314398584741e-01
-2.367415323486871781e+00
-5.940078343986691101e-01
3.750623540844205461e+00
7.626465704626875786e-01
3.373159435678692586e-01
-2.358922960068010166e+00
-3.060038475464140095e+00
-4.847311834242991613e-01
3.896022118464963935e+00
-2.000934283928518020e+00
1.613060072563980762e+00
-1.533792955175072636e+00
-2.525652318192590062e+00
-3.452365781419171054e+00
8.013286546223086226e-01
1.542426567812652971e+00
4.198137963112990256e+00
-1.198738852328271598e+00
5.762128434400657362e+00
1.160553519618581442e+00
3.305683758472393041e+00
-4.804957137399159528e+00
-7.925962941969645625e-02
-6.726162779425210125e+00
6.788278252960744386e-01
2.774862521302116747e+00
1.600174345662055631e+00
-3.701116216486118216e+00
-1.340477223723048894e+00
4.217466774410646657e+00
2.972888493951894251e+00
3.130877864985280201e+00
-1.211244486106254792e+00
4.991334796076677627e+00
3.424372729749545208e+00
-2.838820566172374882e+00
6.512331468515600186e+00
-3.910486430108861544e-01
3.020450196848065705e+00
4.297562699166089573e+00
2.512664545092515578e+00
-6.919026957254863497e+00
2.687740549278796909e+00
-1.935925468382056147e+00
1.459301133270616502e+00
-2.975815306242938885e+00
-2.017580470675738979e+00
6.193636251544311300e+00
-5.406170346622419798e-01
3.489480653628284301e+00
-4.256125044956093895e+00
7.006867210676191782e+00
4.749370578637859275e+00
2.982293967079201913e+00
3.144313869585356080e+00
3.175057584618835804e+00
-6.071086052289471624e-01
-1.439643074267911604e+00
-8.922173038801076150e-02
7.733309510616808158e-01
1.848071699827353642e+00
5.227988564006793570e-01
-2.800232008716578846e+00
2.836324060047477946e+00
4.248972938224453433e-01
-1.419671765344862502e+00
1.774090563269901999e+00
-3.065844280555538592e+00
-2.589932198169965449e+00
2.490942027107283518e+00
2.625727251412376173e+00
-1.273723706585205617e+00
-1.113202140432879128e+00
-1.509292544669868397e+00
-2.115710760843547256e+00
-9.432209755669148654e-01
4.293943219427151625e+00
-2.920021460660633839e+00
-1.974893064853603386e+00
-1.198710635742024300e+00
1.647859897803723994e+00
-1.684583481817793382e+00
-1.816173415410559988e+00
9.822897336101762633e+00
5.495262889672290818e+00
1.196213350948585052e+00
-3.717142873677387049e-01
7.164583625538608613e-01
5.195620031194922994e-01
-1.952721963439418396e+00
3.904555131485154540e-01
1.951052902017448965e+00
-1.058852370764861606e+00
3.507477599019279135e-01
9.206279203768923391e-01
4.305885071629343308e+00
9.469238492031006871e-01
-5.385975585992645698e+00
6.673832832412625038e-01
8.855773481901026756e+00
-1.238830745847787629e+00
1.330395110167162054e+00
4.950507509546943297e+00
3.203921621414311360e+00
-2.946498915650627382e+00
-4.974097451963368499e+00
1.304699426756438241e+00
-2.630589328117309389e+00
-3.038289804786768133e+00
7.124980363048267762e-01
8.363607362489936525e-01
-1.972235419451732197e+00
4.459259595616287264e+00
6.023390465795536164e-01
-2.038114121713337834e+00
-3.442604056712276345e-02
1.302843560543384793e+00
-1.923690796366481548e+00
-2.749790555520610358e+00
-1.512157707509456550e+00
2.557004403845920315e+00
-2.801665674277207696e+00
3.210276168878387626e+00
3.960977621740914834e-01
-2.287063376798880387e+00
1.446871199748311243e+00
-1.176207363555768826e+00
-2.694218009166304384e+00
-2.480510468632114218e+00
-6.342054443221437632e-01
-3.179628016726744111e+00
5.172302795104537054e+00
-2.053848041382011214e-01
-6.989514606533683283e-01
-3.232018936982322010e+00
-3.786023487621809069e-01
-5.767435725239393740e+00
5.055643581232991401e+00
1.061518252304943510e-01
2.905473667553217787e+00
-3.834213005521891926e+00
-7.274755116959700230e-01
3.890802181165528562e-01
4.957022265306902931e+00
1.489208686600486997e+00
-3.029156472635384123e+00
-5.075599930775193114e-01
3.654594019299179042e+00
3.036181455836431287e+00
1.305080813323577393e+00
-1.234007643659807529e+00
2.586231019184996871e+00
1.823871049173225289e+00
2.388957123549152239e+00
-2.686479275396088440e+00
2.314509680650924661e+00
-3.024733147846514481e+00
-4.079129391337847910e-01
-7.217790152327253628e-01
2.488407437125568500e-01
1.484961046362464954e+00
2.663556897093309228e+00
2.321809514725788226e+00
1.456403100303822473e+00
4.809103422289598306e+00
6.251214791645552715e+00
1.806851289411626871e+00
1.907975528811446386e+00
1.882766232391874128e+00
-2.644341602661360202e+00
-5.378788493016427807e+00
-4.340055072245186940e-01
-2.358164554961794945e-01
7.654103947146188858e-02
2.867201588411723456e+00
-5.151953965146275571e+00
-1.078676969898764826e+00
-1.397432643684551890e+00
1.421635112411842927e+00
-1.873357592998351473e+00
7.218125672881520849e+00
2.674529159943868528e+00
3.468394785915019707e+00
1.930902557503802131e+00
-3.451690197631311019e+00
1.221787342578081192e+00
3.544592485778721436e+00
2.481843961465314941e+00
5.094006387265538116e+00
3.498584341447142698e+00
2.171154727609677426e+00
-2.882486394317572920e+00
-8.954455045199766205e-01
-5.115594036425120672e-01
2.973238417504016518e+00
-7.389784863673765081e+00
-7.541444714271378302e+00
-1.284153419902029691e+00
3.218732386864215922e+00
6.401601526187484792e-01
-2.747682874145478404e+00
8.442421502276165057e-01
1.824611254559482143e+00
-4.590418564800381240e+00
-9.437552539785130090e-01
-1.627851385708206422e+00
-3.232190785078923878e-01
-3.267246089330408942e+00
-1.035485552255794195e+00
3.999245144555380715e+00
-1.838615270688694070e-01
-5.201644062262780643e+00
1.772118945773401011e+00
4.500247729740460834e+00
3.841037106963538950e+00
3.413401986346629308e-03
-3.323082288852964084e+00
4.463694559723751176e+00
-3.201704154822977433e+00
2.487526895490953294e+00
-2.110554070844481434e+00
-2.940082544328394665e+00
4.369499548286291279e+00
4.849154769147736577e-01
1.762648455173310369e+00
-2.379885755220688015e+00
4.239339243857373596e+00
8.632383855051001476e+00
1.504327058959914698e+00
-3.177147260795220696e+00
5.466937588149988203e-01
-4.411424315695947840e+00
-1.524022486694476042e+00
-6.467527176152020552e+00
-5.536162852490764230e+00
3.831593898647850938e-01
4.853660837645016990e+00
-7.691493927154599675e+00
1.318259170971185279e+00
-3.262421991234111807e-01
5.290491958342053103e+00
3.571462890392418377e+00
3.985638925799861010e+00
1.656143784447860146e+00
-6.716105514293862377e+00
3.299975746766619533e+00
-3.525207455661181655e+00
-1.935182644122117671e-02
4.558672190931905455e+00
-9.361774595501760388e+00
-1.062218824483028845e+00
-6.470288275198218031e+00
4.838466692456902862e+00
2.110882806679267032e-01
1.266883065439196088e+01
2.852067664572951688e+00
1.922330666239721486e+00
-2.733947011317941378e+00
-7.608586627622836440e-01
8.192453309271162387e-02
2.248822271473297274e+00
-8.905603947554834310e-01
3.519624963184728283e+00
-3.037255587482675101e-01
1.349716636988451457e+00
5.728521108770323611e-01
-4.755809600992583874e+00
-4.630256423595099924e-01
-4.199744427843542738e+00
-3.587204750272674492e+00
1.103758285808298600e+00
5.861942041763852362e-01
2.004078539743358589e-01
1.548460172824197567e+00
1.926409781625398443e+00
2.263160686614787753e+00
-1.407969265672366577e+00
-4.254203136334123947e+00
1.510578921622064197e+00
2.969281501750522079e+00
1.956559183550270697e+00
2.819171838423803145e+00
-1.789618098301157589e+00
-3.237127995389801338e+00
2.511243636623632924e-01
4.980758115958788146e+00
6.194531978427305852e+00
-7.559427793258379324e+00
-4.953728982152849625e+00
-4.694123913414718352e+00
-4.580989250474396535e+00
-6.289612410373525142e-01
1.358318510390427614e+00
6.679620154734544624e-01
4.507237255855938152e+00
1.097701870194189588e+01
-1.488370670568140675e+01
6.712282433322575237e+00
2.922265289306677616e+00
1.687397949029075139e+00
5.650623672493896299e-01
-1.502921673742775965e+00
1.427424776060583378e+00
6.423079183191161556e-01
-5.029918838648774759e+00
5.561852090950057281e+00
2.418659636784175060e+00
-2.801287565098208088e+00
1.811410387453434023e-01
1.237228025825680033e+00
-2.497907046927234642e+00
-3.827807176763374231e-01
-8.382287605173497358e-01
4.344538994553476030e+00
4.791130702016377918e-01
-1.977721962111675724e+00
3.356314060025386237e+00
3.667935738539647605e+00
8.133081463244245413e+00
1.199571355032801767e+00
-3.211655945868199691e+00
-2.008637017429732552e+00
-1.115389597697855839e+00
3.535366466146666053e-01
-2.815425744083289050e+00
-4.348522394018064396e+00
4.567445147058812438e+00
-2.641972456782978096e+00
8.916560393518777605e-01
-5.939073163295508495e-01
4.350769030986162966e-01
-4.950052387833908107e-01
-4.415707530046789842e+00
-2.900380700294125091e+00
3.747106225176243921e+00
-2.788714498719583879e-01
-9.189485220931338239e-01
1.738857866760286752e+00
-4.491780518119224297e+00
1.790532890340730487e+00
3.401929044533406721e+00
4.355890519987167586e+00
6.966636600337436369e-02
-7.715767088429433818e-01
-6.348040030080668750e+00
2.717960880614402885e+00
4.174674752619342399e+00
-3.541927078062508727e+00
3.892338281193727934e+00
-1.908345139766230103e+00
4.410222640034193731e+00
-3.860928799983399440e+00
1.627087141409537141e+00
-7.848945728964427937e-02
1.881437490967768023e+00
-1.232858077227262594e+00
4.114377970553692698e+00
-5.211746135645077826e-01
2.036659598815216299e+00
-3.245440359803844821e+00
1.552019990220194989e+00
-2.538823869611837925e+00
-1.127021597442961287e+01
-3.783710056255198267e-02
-2.162243561932005509e+00
1.966710019434876777e+00
7.658775425176799212e-01
1.391991311969102307e+00
1.940109519887683431e+00
2.914819777491056141e-01
-7.241532156068649861e+00
-3.024860602558553602e+00
-1.680945060652192424e+01
6.086179230685226038e+00
1.835055309099951737e+00
-4.330437935957724527e+00
-6.966197588690629106e-01
3.569404680392680884e+00
9.508708894440904835e-01
-2.216545530642167083e+00
-3.780003098528819105e+00
-7.923969958987470141e-01
-4.244272231839710807e-01
1.252684240984239317e+01
7.965158159232950397e-02
-1.774039174210360337e-01
-4.095996660732780792e-01
-6.889629196752692586e+00
4.900120416288873848e+00
-1.906560413143737476e+00
-3.129526764193006350e-01
-2.458147639506943261e+00
9.292301178556587882e-01
1.620289226841995722e+00
-1.787777995658677677e+00
2.359293131754392370e+00
-3.129052151338113319e+00
1.474457243546352936e-01
-4.922823014996043689e+00
-2.077870431580787436e+00
3.289966018972561024e-01
-6.673430866231353065e+00
3.709116140523963434e+00
9.234267155194252341e-01
-2.791127091267347815e+00
2.147759303399810360e+00
-2.885590115854733906e+00
4.370087349867379789e-01
-1.370477609490169835e+00
5.388919527407257881e+00
7.051300906686895686e+00
5.657872632055513051e+00
-1.777118694390581011e+00
-1.416653772133861892e-02
4.254749955259958583e+00
1.605639741364309314e+00
3.692341471214501514e+00
-8.476860363307272550e+00
9.341535942380312374e-01
1.029165239795435116e-01
-2.250824649648479170e+00
-2.322206002031926175e+00
-1.408274753465120765e+00
-6.263730178813152749e-01
-1.317893048152925406e+00
2.185283547852418184e+00
-2.096142535193495249e+00
1.171342588072237900e+00
-5.382242628459317224e+00
5.561263808975488443e-01
5.175352360108202987e+00
1.590980359429475133e+00
9.718470780085731731e-01
4.099283644840527430e+00
1.344732934364090138e+00
2.596676352109022368e+00
-6.160591427739138259e-01
-6.450303668400397816e-01
-3.313310336432486736e+00
-2.784591408615436858e+00
-3.388004695347853978e+00
4.511021363270732998e+00
-8.621698760861276067e-01
8.627737480903309164e-01
6.047173197986666082e-01
-2.740013770261605086e-01
3.120446698533777763e+00
3.668178193995350167e+00
-1.654937987152840462e+00
-1.126669366581518172e+00
-6.878358407119187667e+00
2.785919325509339739e+00
-1.237834338887733865e-01
-3.856316213763432810e+00
-3.879761291650001276e-01
1.025560148939355098e+00
-3.338303714795412436e+00
2.838052426807233797e-01
2.375996884583302826e+00
-1.713591263511857976e+00
9.397989392323536917e-01
-2.267233289780708760e-01
5.858392240973061549e-01
3.175733164458481306e-01
-3.940734548641987023e-01
6.118541212456038991e+00
3.174334468024270883e+00
-1.475245323628495253e+00
3.127139972214843855e+00
-8.764828220944037573e-01
1.033111018008027626e+00
5.362457495097169513e+00
-3.152159897491368934e+00
-1.003126990005801078e+00
-1.018710233189012104e+00
-3.437057766823585214e-01
5.424894494761055563e-01
9.932020664415672773e-01
-1.766027284879447823e+00
5.207833325648959510e-01
5.838747110741692836e+00
-4.732442899261580571e+00
-1.704421355998891663e+00
-1.347967948879537525e+00
-1.402553950906476610e+00
9.778583579283937510e+00
3.207959817206693653e+00
3.167174312487565313e+00
9.477617024357418707e-01
-2.335170291534709730e-01
5.470220437992193929e+00
4.681372797885995918e-01
-2.389405022916850641e+00
-7.824323990052065581e-01
1.109015974509398372e+00
3.493527100469876245e+00
-1.552192384362898636e+00
3.599236992436798843e+00
-2.023826169844637146e+00
-4.568453690402028755e+00
-4.319716895159784187e+00
2.732901895309946649e+00
-1.292389120263018887e+00
6.329139908775951451e-01
-2.059134331162977816e+01
-4.606375485714016560e-01
2.446207694428613966e+00
2.603206091600528627e+00
-6.929784974255442265e+00
1.720837275050357329e+00
-3.756811202008676798e+00
-1.346336379702108843e+00
-1.745439660412692051e+00
-5.658016863432594468e-01
1.167449016122490413e+00
1.456949263013518070e-01
7.625701514502744027e-01
-2.207203079102614929e+00
2.717151493505666426e+00
3.695710983979757724e+00
1.738279419887523547e+00
3.114690080670289851e-01
-7.686744123015020413e+00
2.391777444716625123e+00
4.132358361970041472e+00
1.196513682441082871e+01
-6.122794556254625320e+00
-4.239063732913115778e+00
-3.683109750861868648e+00
1.639742507355226864e-01
4.890524122149265907e+00
5.393982951430272621e+00
3.438131312966952624e+00
4.959643049888572824e-02
-1.433914531809854731e+00
1.014030684501335378e+00
-1.829987210644049567e+00
4.334664509754142969e+00
2.689360998025936755e+00
-2.104133508438905675e+00
-9.529965123700135932e-01
3.600813421511867229e+00
1.853868114669574352e+00
2.118687514728391452e+00
2.250717924100717582e+00
-2.901495039078127558e+00
-6.063786835082197735e-01
1.133280190698322443e+01
4.447968558718175203e+00
4.319819916639140445e+00
-3.423519853936610957e+00
4.823571556827902285e+00
-5.760983749412702970e+00
-2.717626743075519880e+00
-4.641447202848656972e-01
5.646980403577556151e-01
-1.366931170028133691e+00
1.132253986171204874e+00
-4.874112286472991329e+00
-2.928594550895549098e+00
2.685662308613556704e+00
6.529605501162468739e-01
3.664171422052211913e+00
6.325516854322655647e+00
-8.561899472579133086e-01
-3.569793128117824121e+00
-1.240974380350344575e+00
3.786296153650682061e+00
-1.414797602009117083e+00
-1.898413811200455159e+00
3.313600679486893297e-01
-1.983171543835579698e+00
8.180441654114405381e+00
-2.438662916737996067e+00
1.323038814665538354e-01
-7.976995463086062887e-01
2.344666714123254114e-01
-3.483208038755431168e+00
-6.367213212771967612e+00
-5.484433761707211419e-01
-1.602713283048579074e+00
-6.528428031306011681e-01
6.275200646206759991e+00
1.604701371372424246e-01
5.405196272717113892e+00
2.454358564080147520e+00
3.681589359012234219e-02
1.335161862401789579e+00
-6.510701592065040622e+00
-8.559906213675738673e-01
-1.592384330501128487e+00
1.980495466824790274e+00
-9.607878932589498433e+00
2.215629616979770677e+00
8.819175376851744019e+00
4.270185244500368071e+00
3.126588575977427897e+00
5.087923555920225382e+00
-1.610953761019264130e+00
5.513296213930546585e+00
-2.660865614470386387e+00
-2.348896153211510907e+00
-2.728485878119458530e+00
-2.527161157500511290e+00
-2.655122605224005672e-01
2.753561449884566859e+00
-8.603329923904673437e-01
-1.979931162989681637e+00
2.003451415891329912e+00
8.600230762650004079e-01
-3.371717661605095007e+00
3.348264695922452905e+00
-2.375732327820683221e+00
-3.648079079229461730e+00
2.574934823037514864e+00
-3.925093380109000663e+00
2.243596545316021373e+00
-1.297316622229113925e+00
-7.091216881440723374e-02
2.396250081658745312e+00
-8.725469220234076673e+00
-2.976353500364098625e+00
-2.484972888574005501e-01
4.868577877711392610e+00
1.754576810757854766e+00
-5.943363686901513177e+00
-6.246017106904225846e-01
7.022992127664129391e+00
-3.359875685360148023e-01
-3.576796214368902938e+00
3.006234168239506399e+00
-1.186219935789465163e+00
-1.473032556811071148e+00
-2.498588886759239625e+00
4.844852261385163672e+00
1.680296973677164907e+00
2.026050484579037470e+00
-6.013907674877171372e-01
6.856752805118223826e+00
5.019259309955966808e-01
-4.444059431666469884e+00
8.001926963603649412e-01
-4.155606370196941235e+00
-3.338123110229662238e+00
2.758640332995318634e+00
-3.218520243167013906e+00
-1.316083301485043711e+00
2.378686636099014873e+00
-1.136838335376354925e+00
-1.845282164937598612e-01
-2.306438590939415612e+00
-8.025049715568537412e-01
-3.661071115532825271e+00
4.462403448456724320e+00
2.940067050257150427e+00
-3.962610379824146323e-01
-3.945033034304955000e-01
-7.510408230525997375e+00
-2.649038017122073096e+00
-6.094375009869160031e+00
1.477764227777969230e+00
-7.641885537164698483e-02
1.862089416090004779e+00
-1.433163406262838668e+00
-1.078191135565262915e+00
-3.440311029888875716e+00
5.112501345098674488e-01
-2.061001697583293990e-01
-3.059325221923308025e+00
1.077879837275076547e+01
-7.025398753902005744e-01
1.871965253754886538e+00
-4.091430974014688360e+00
1.393104732115854727e+00
-3.179956147308133363e-01
2.051035807705874348e+00
-4.423522025984513384e+00
-5.250340992992591715e+00
4.890690041984155023e+00
-5.226313756907811081e-01
-1.405655219383933341e+00
-1.456246590654898698e+00
3.860321820413407656e-01
-6.743826295470284338e-01
4.464675378892100088e-01
7.205179201526344945e-01
-2.000263930745516394e-01
-1.111332346238255164e+00
1.107327682468431052e+00
1.904500040389120352e+00
-1.629685307229352231e+00
4.903101076605025810e+00
4.881763130069884049e+00
3.436492950818424763e+00
-1.248769468736066646e+00
-3.455036960064710616e+00
-5.937705615662575154e-01
6.635935696889931457e+00
-1.626608671629035552e+00
-8.703410776956526096e-01
-1.983633194332989347e-01
-4.675699446660054881e-01
2.776720749149105050e+00
-2.239654102775222033e-01
-6.794064808854084703e+00
-2.235653501550110001e+00
-4.947140596793141221e+00
-1.087469589370546608e+00
1.497135544187762068e+00
4.156128681574999262e-01
5.772566519402232643e+00
-1.242195980158380175e+00
6.214266157423790737e+00
3.182861119535412175e+00
-4.153943613870831442e+00
-5.191028437510309068e+00
1.434363901998422008e+00
2.393470588672641064e+00
4.500620039571079367e+00
-1.208243814968065877e+00
4.718847595976158438e+00
-1.463436484905610069e+00
2.168495334495890159e+00
2.242148053045817935e-01
-2.117668036009687782e+00
-2.831140586136770665e+00
-8.235265191537866070e-01
4.132462250598123887e+00
9.937330732920004905e+00
4.270377956673088171e+00
1.597367568399337689e-01
-1.574164336571200140e+00
3.691693804460112194e-01
4.563217073762199649e-01
5.436782244157294386e+00
-4.679344042881374399e+00
-1.209525401953477131e+00
3.193756366057915574e+00
-1.487961979836196047e+00
-5.813116741247685404e+00
-4.374522033486534234e+00
2.186920714938060117e-01
-2.650024392711131327e+00
1.181389120044013863e+00
-5.139906693850641695e+00
2.520536560496297707e+00
-7.335420924146770494e-01
1.910643160003496321e+00
5.795399706504397841e+00
1.005762968747701880e+00
-1.215605875959760329e+00
-1.069865695132259154e+00
3.642930721166571240e-01
2.475162857130801974e+00
-1.355667277200218068e+00
-2.392123296380736786e-01
5.191053304823046055e+00
-5.812503135060546278e+00
2.475600271864565549e+00
-1.223010297140236569e+00
-1.803096617897254950e+00
-2.341598003820795970e+00
-2.630554422189745889e+00
4.343761426322603647e+00
-2.973364350973418002e+00
-1.920152574536697188e+00
1.100735869005121659e+00
2.080984151787670933e-01
-2.783474824367460077e+00
5.849027910924451401e-01
-7.910051637191427565e-01
-8.000350701303079459e-01
4.497686358630270220e+00
-5.326500163817543765e+00
-2.190956224866086988e+00
-3.670538011281234692e+00
-7.840499853120465323e-02
1.939303830150968799e-01
9.090227193746105439e-01
1.868438164519521161e+00
-3.195863328748351773e+00
-7.203629694985532739e-01
3.028959900242430558e-01
-5.349070030955540567e+00
5.807311823889121705e+00
-3.467332133685699716e-03
-2.690177108405248596e+00
-2.047409314582775863e+00
3.221090541315391409e+00
2.105720779596250036e+00
-4.414863675226111894e+00
-1.652661248983997577e+00
-4.117838247024730336e+00
2.671558077704484280e+00
-4.691360180955911119e+00
1.883477412384394478e+00
-9.696075230254062871e-02
3.068304701162980042e+00
-1.692464633688476328e+00
8.056476356671158356e+00
-3.097869445769398378e-01
2.801001266174100390e+00
6.766695689792148194e+00
-3.434552575999771484e+00
-3.572479123934955592e+00
-5.403464038298629868e-01
-2.163979958452519892e+00
-3.900883102975988059e+00
-4.274858855138242708e-01
-6.922416036585055998e+00
-3.326220391705764778e-01
3.846998021630210762e-01
1.799918536177894213e+00
4.052678857606924367e+00
1.835117561491613480e-01
-1.063503691285352160e+00
2.275457156275837722e-01
-5.957276391088686118e+00
5.177394839443306696e-01
2.922544850880134604e+00
1.742651785717229673e+00
-3.794696924097728630e+00
3.971513404779182022e+00
1.515282040602946800e+00
-2.781959810016640500e+00
6.538319893733288701e+00
-1.003352097568666501e+01
7.588199056924402441e+00
4.817408029191489471e-01
2.762288497993850456e+00
-1.760076236590681242e+00
-6.124384717813549095e-01
-6.814025901444611399e+00
9.582729853827054001e+00
-1.141519449543687781e+00
3.614513362126701601e+00
6.822417304283999728e-01
1.325890496653460282e+01
-3.127176379796051453e+00
2.128662630346372264e+00
-1.048653901011984635e+00
2.151024595361574310e+00
5.138489589605335084e-01
2.299581382737237237e-02
2.971168968645842678e+00
7.466500299653863748e-02
1.472585485495701896e+00
4.256309600249289282e+00
7.800880140887126224e+00
4.114427941181817983e-01
5.571889690943326867e-01
6.831920977619774682e+00
2.195239963032453723e+00
1.655710659458540901e+00
1.668424021974491911e+00
1.357155291102517536e+00
7.820652605887724818e+00
2.274611546446347887e+00
3.590875336733675649e+00
-3.381101669627212036e+00
-2.298448272495002609e+00
4.255424349098955616e+00
3.023935006637776812e+00
-6.226165479911801581e-01
1.623432487344529163e+00
4.098759603871083179e+00
-2.726029235537446471e+00
-2.313512660010641486e+00
3.695764549594469095e+00
-5.275195136557506714e+00
-1.200744172214640804e+00
-7.193122573811922216e+00
-3.991927554116299959e+00
1.480585754504903484e+00
-9.128281459556091271e-01
3.373461927143700301e+00
3.766623114688976148e+00
4.186251834428343366e-01
2.843975129404770374e+00
-1.158803490608118825e+00
6.418495468878414600e-01
-2.471175822342695838e+00
-1.868818123722431723e+00
1.432629204279131319e+00
2.691310055297184700e+00
4.988818639145357614e-01
9.111117735139616022e-03
9.751408294686233491e-01
1.166179136543649575e+00
8.348446140132049775e-01
-9.671939480877548290e-01
2.286805643242088237e+00
-2.303066329930948175e+00
1.478451579810868166e+00
-3.688640631618663734e-01
-2.783311371361517406e+00
4.348775975379175485e+00
4.926071904222824038e+00
2.792365550343751224e+00
-7.802436250575810472e-01
2.051948578902627052e+00
1.064332762188052284e+00
5.309076655167258574e-01
2.889910749969626935e-01
6.966652438998843788e-01
-3.818869035932117573e+00
7.352403648494844068e-01
-6.348465371472115093e-01
-8.693380763185138971e-01
7.587757775021512774e-02
-2.140307445637011696e+00
-2.414442255285722094e+00
-4.161419700718558268e+00
-2.148619013884321749e+00
-4.268745235268881721e+00
-2.528354687463987727e+00
1.612187620516225772e+00
5.692917233581952452e+00
1.262702801406745179e+00
3.909488175867601889e+00
2.025952891152782154e-01
-3.790981561205617467e+00
1.095566328549719515e+01
1.308105458857049097e+00
-5.986101988360815973e+00
3.215147846795523012e-01
-5.289098447433194794e-01
-5.443659594669455482e-01
-6.839434771307794092e-01
5.418531874260961168e+00
8.665074378508477726e-02
5.423396070714151529e-01
1.636507640327723445e+00
-3.608095310463272032e+00
-2.033512524139371655e-02
1.644489043136709183e+00
1.822491622206009687e+00
5.556470356352932960e+00
-3.360285898990483244e-01
-3.022193078755537332e+00
-4.416550366272000261e+00
-1.278614035691256312e+00
5.361872291607047147e-01
-5.853390581261218806e+00
-4.240364076599053789e+00
4.200225614447381517e+00
-3.642790555471858926e+00
-1.286340775078411491e+00
8.031883479005426096e+00
-1.547368448207932401e+00
-5.613948035071625320e+00
-2.494097517351988369e+00
-3.570610269944298309e+00
-8.800927226607005993e-01
-3.386742812272039771e+00
6.788071150068893944e-01
2.908469203055255026e-01
-3.812647521899053427e+00
-1.845772251372131967e+00
6.080909132796915584e-01
-1.515972691296201047e+00
-4.559632392840282100e-01
-3.027126486471359623e+00
-2.368404635798969426e+00
-1.519747207890937757e+00
1.044303694592230380e+00
-1.571937303163420063e+00
1.414624492626391561e+00
-5.468379414289882057e+00
-6.420489815633807495e-01
-3.496621775594390247e+00
2.629735644889211521e+00
-7.985573808040112853e-01
-6.205011515574216041e+00
2.753299797728076204e+00
1.229026754978310043e+00
-1.834369053420771056e+00
-1.355570578500524759e+00
4.710060085711567979e+00
-3.267301575288197313e+00
5.000017753017215405e+00
3.043971436821442555e+00
-3.478875271000316349e+00
3.907053345961602808e+00
-2.313846582606982949e+00
-1.862265268153472375e+00
-1.525468782598602413e+00
5.349591904539233722e-01
2.945882351416770017e+00
-3.322100395588313493e+00
-3.142061987638621989e+00
2.030103285503388921e+00
2.905596724222704874e-01
1.933104357405977192e+00
-2.541504151827088442e+00
5.285649738300422840e+00
-4.123302625931120069e+00
-9.775083429806501467e-01
4.576009360426289696e+00
-8.382242529654982954e-01
-2.868341592448483635e+00
-3.296931255303634067e+00
7.698697239717717800e-01
-2.572316986903525393e+00
3.848095134299382991e+00
-1.160901926761411040e+01
8.692438766940965844e-03
9.010437459609755839e-01
6.397773691879633517e-01
6.412900807151361349e+00
2.385425557616427938e-01
-1.279591912057857384e+00
-2.368706900918207403e-01
-2.855952360665389822e+00
-1.096212645208582304e+00
-2.550022334109388389e+00
-3.207238953729530384e-01
-7.216014777825018101e+00
-1.772180548183799331e+00
-2.376311208069791014e+00
-2.949597414281170504e+00
2.762879855803553664e+00
3.646870978790422296e-02
3.178008000447324566e+00
2.997448299666165550e+00
-3.763970335450248061e+00
-1.232714771349458394e+00
9.573084698461432618e-01
-9.337028632383878590e-02
-1.451192037218250963e+00
4.740498771841155978e+00
-3.014703338084566697e-01
3.693157608301718131e+00
2.664689004247731141e+00
8.951057570619893600e-01
-3.290600209940722554e+00
-4.718320939482475218e+00
2.371970892147346355e+00
-5.619370928438317536e-01
-3.588110922890735965e-01
-1.928753499871024291e+00
1.105196113929354240e+00
-2.329408119742112093e-01
1.568068590447231792e+00
4.430652157570383665e+00
-2.685268700928880037e+00
-1.946622130225528435e+00
7.595071812335894845e-02
3.438268406452615888e+00
-9.843288328333273940e-01
-3.609726087287531970e-01
-1.368916156267445894e+00
