-2.217041387709296529e+01
-1.999622166121163502e+01
4.927937308332811739e+00
-1.928802706221916408e+00
-1.799143167854625958e+01
-2.045470574659927721e+01
1.097101797355165864e+01
-7.261715261963194834e+00
1.967353021918330214e+01
1.508984438889868152e+01
-4.096826463767782656e+01
4.319116859789189355e+00
-1.200328519695579033e+01
-3.767575996282417350e+01
4.348694782479969767e+00
-5.053492659783129781e+00
-1.067410254827773031e+01
-1.420710772457757542e+01
-3.484676407930878383e+01
4.399621020918129943e+01
4.482281488767667099e+01
1.373331474840545319e+01
-2.436780994353144081e+01
6.024761556738407187e+00
-7.569384704353072202e+00
-8.644487994013511312e+00
-1.027833576809433858e+01
2.562588132075497072e+00
3.883129124967450441e+00
3.009749602946172686e+01
3.007812909696943748e+01
1.539855143187023145e+01
-4.146646304450666065e+00
5.530772897172500535e+00
-3.568107718214482027e+00
2.985192404217440298e+01
-2.477455786738464028e+01
-2.742435749184803373e-01
-4.685474013016919237e+00
-8.209446204789083268e+00
-2.614507201613970722e+01
-2.557084764495348139e+01
-1.711880959488645360e+01
-2.406160877239836893e+01
4.757372964956930161e+01
2.660691758459622580e+00
1.277132247706319390e+01
1.370923911368848103e+01
2.285086135295914644e+01
-5.069826701276028302e+00
9.630667727695625402e+00
-3.442524667284789786e+01
-6.134397377675470331e+00
-1.369586198827481005e-01
-6.312374961822651898e+00
2.982405962163296209e+01
1.316123413363292727e+01
1.353467385430654701e+01
2.105898915781267888e+01
-1.282052260493638762e+01
-6.294845153948144256e-01
1.660511236696699910e+01
4.437200953460666675e+00
6.788814213656365837e+00
-3.741758513731268110e+00
1.666260932532136252e+01
1.383770928056210536e+01
4.275903087328103425e+00
-2.565581459658358909e+01
-1.871788601478019487e+01
-3.887177646195811853e+00
-1.547940123232234022e+01
2.382997481600882139e+01
4.716298030666021823e-01
-9.715094970425539600e+00
-6.269479008320773872e+00
8.799312577331310337e+00
3.835927499583633704e+01
-7.719254474598831628e+00
-1.931191035485437624e+01
-3.106239022805839411e+00
-3.185940589201113227e+01
