-9.419106260211274062e-01
1.405021248920570898e+00
4.919512068326536536e+00
3.810327261825301903e+00
-4.827017298783264465e+00
2.268990173165449598e+00
-2.655895353964940142e+00
-1.250623790871043806e+00
-4.841263259137082997e-01
2.275138652191731836e+00
-4.046567816732693501e-01
2.142592976450801601e+00
-4.190630398990691674e+00
-4.043030782319329219e+00
5.064346004237165744e-01
4.007714178487717049e+00
-1.347712095440698477e-01
4.360616716492186740e+00
-7.174131287659104572e-01
1.711997594684072865e+00
1.475843122435610333e+00
4.610320593768998165e+00
3.656177126715064674e+00
4.737075328737944346e+00
8.280396719614095957e-01
6.770068577676582322e-01
3.695270535737922302e-01
-3.409852551712214463e+00
3.917399912950349616e+00
-4.824991569458846996e+00
4.217906203438964496e+00
-1.350417429019996618e+00
-1.258679446618755637e+00
4.870319253631162582e+00
1.666188729285220660e-01
1.616867120357770915e+00
-4.759008416279044695e-01
3.157672963051396664e+00
-2.681524287266952911e+00
-1.853587558600949592e+00
4.158007141513008875e+00
-3.776072723676113796e+00
-1.326780521699149951e+00
2.238118926349371485e+00
3.020778942308444570e+00
-1.837654662898029478e+00
-2.550899202576952796e+00
-9.876713302043498288e-01
2.656028460191627971e+00
3.084548202422686458e+00
-2.473175319390885640e+00
-2.157299237324999730e+00
4.296576057753092925e+00
-4.195637826946749804e+00
-1.186666753892235970e+00
4.055902779007920955e+00
4.158289993129608675e+00
4.526393993963855777e+00
-1.523970889682744190e+00
-5.310655733879210416e-01
-1.016021048624925704e+00
2.249064476505168386e+00
-1.740181190671323819e+00
1.807835794614112146e+00
-4.093555819035579191e-01
7.557409536145982543e-01
3.333895214275115038e+00
2.602405467204698120e+00
1.407730515242224811e-01
2.356175148396125962e+00
2.591959479217690543e+00
4.072168880698862736e+00
-4.894169535013896066e+00
-3.017308270512977231e-01
-3.562186523766881496e+00
-2.144185675181815576e+00
-4.189573649436511893e+00
-4.210683480438806470e+00
4.047156128735293734e+00
-3.007682246397314074e-01
-4.896116471613166432e+00
8.677619945413148628e-01
7.497569867973545854e-01
3.913551446254096788e+00
1.908454389907854321e+00
-3.812713219515599938e+00
-8.839353846314645935e-01
-3.362947717165556405e+00
-1.759237540702935920e+00
-4.962663153262899307e+00
1.686495220540345841e+00
-2.629491898344201495e+00
1.456999716925406751e+00
-6.754362940396072545e-01
-3.858444552303155195e+00
2.111759395387881710e+00
1.187232901734349255e+00
3.853179256858933144e+00
4.857538245184320758e+00
-4.555386150748547358e+00
-1.653079505639736269e+00
4.151997403390012664e+00
-1.096990711521269368e+00
-4.163583889567724405e+00
1.597720414791337085e+00
-4.852976899161200564e+00
1.610866283017788447e+00
5.104460241994610570e-01
1.769166892765653643e+00
-9.521351054351976373e-01
4.477905307244846256e+00
-1.906137517021163852e+00
4.468040235756120637e+00
4.243951340703924657e+00
2.874034694897721565e+00
-6.254648585724433829e-01
3.672993725688229461e+00
1.149014021056652624e+00
9.306596727795692914e-01
6.585333248537308393e-01
-4.125514042059975850e+00
-1.469807787270561938e+00
-2.550486556023404461e+00
2.646652004081739840e+00
1.985160379478919879e+00
-3.043823848762887696e+00
-4.132576021560330659e+00
-4.206170652670388144e+00
4.070825275745555416e+00
-4.967110756581481823e+00
-9.958137883206301666e-01
8.668919995431370040e-01
2.821449872618053689e-01
1.847828497286021943e+00
9.425715220642665315e-01
-3.620884881442001380e+00
-3.597529158732121424e+00
1.851800434407073759e+00
9.771394309516718835e-01
-2.739501003121995737e+00
-3.377888171761058711e+00
-2.307392035316024881e+00
-2.073332803068126395e+00
3.842742227805779009e+00
-7.190837742321232184e-01
1.099253179799610791e-01
-4.777932485604416968e+00
4.643093508014191073e+00
3.573645526451256771e+00
4.785252368830825276e+00
6.727555295309342043e-01
1.319709008742401046e+00
-3.511850235921221142e+00
4.440007659068250234e+00
4.809389988349972000e+00
-4.404445260036294663e+00
-2.721839890348206836e+00
1.813828973704371350e+00
-1.973223498688661870e+00
-1.077269760449439673e-02
4.593553657686804570e+00
1.225668001503448679e+00
1.452906054084818877e+00
3.838388644607606537e-01
-1.180184217858259110e+00
-1.668466564156467768e-02
1.635496886453196019e+00
-5.082002865005508241e-01
-2.664052618253149873e+00
-3.658927991714863381e+00
2.526120249800513307e+00
2.702609806729619812e+00
4.868506574262983833e+00
2.745446040231334983e+00
-6.907610445961731571e-01
1.575705626816059635e-02
1.782304988731654660e+00
4.212828027213614490e+00
4.961483509122677660e+00
-2.236949905198524213e+00
8.889415957922253142e-03
1.847672201412704496e+00
-2.057735307648886902e-01
-5.980132760960028548e-01
4.124544230654727528e-01
2.282111495954250557e+00
-3.566490670032603560e+00
1.653598219682441695e+00
-4.457902570406902854e+00
-1.165170214749466915e+00
-1.629552089901729062e+00
-2.655335726818499609e+00
-1.198756287217179750e+00
1.400904582442521473e-01
4.929173252712899966e+00
1.876086854391287417e+00
9.024120354340521288e-01
-1.582621388654559258e+00
-2.800264022899476846e+00
3.944863878884056874e+00
2.528464145520993078e+00
-1.440582634646134785e+00
-3.245663440723740578e+00
-1.163668201247579859e+00
-2.169866326379962018e+00
3.608794394979231157e-01
8.533088183420147743e-01
-2.654802766790922419e-01
9.148337913708104452e-02
-4.484514216042338575e+00
-2.565146404650403333e+00
-1.207162770913611460e+00
-1.356721132949015640e+00
4.331301638714768032e+00
-4.775035950341200319e+00
1.344604035187431990e+00
3.703409190035225507e+00
-2.913389539216536761e+00
-1.290167668069236662e+00
-3.452619314342095791e-01
2.796466077917756365e+00
-2.822041990146147761e+00
-1.598542128942668228e+00
-2.278549301447241326e+00
-2.123331763640895709e+00
-2.576468420861236730e+00
-2.619189695931041229e+00
-2.035036372627740064e+00
-2.204064370977628862e+00
3.735553511270166993e+00
2.054270793842992049e+00
-1.476480505721398107e+00
-3.409736982185975762e+00
4.025187375390160582e+00
-2.458876209252345291e+00
4.363389369820040997e+00
-1.266590259710925537e+00
1.017066229887485740e+00
-3.009426403005381889e+00
4.364598220104980442e-01
7.770337912469944541e-01
-3.204078539673678172e+00
1.029951863473209883e+00
-2.920896946152326201e+00
-2.923645240443612181e+00
-3.398631879653390975e+00
-5.431323806216390437e-01
2.293125281306655161e+00
-1.090124599630002411e+00
2.708265057575295565e+00
-2.102839254849535600e+00
3.387887173307632338e+00
-3.904754276414697856e+00
-3.244840208597866926e+00
-1.314838972162969633e+00
-1.427871449212801735e+00
3.359430089321065793e+00
-2.287697109875824530e+00
-4.581335376190708075e+00
1.637140031136842921e+00
-4.056322696031340769e+00
-2.244136397359093316e+00
-3.751366915924060130e+00
3.597354526728626212e+00
2.531275284873702347e+00
4.270001127315994793e+00
-2.216933299803512725e+00
-2.284299879111545195e+00
7.590116250618761384e-01
1.248440867234127616e+00
-2.921012657733617068e+00
-3.775410783402591619e+00
-4.220884108654470168e-01
-4.660859856329686579e-01
-1.795836898827445349e+00
-2.309073996374408910e+00
3.468432887455641378e-01
-2.384442407135459518e+00
-4.801180800450186581e+00
8.493165766105903458e-01
-4.045089217617059418e-01
4.359108232701988328e+00
1.126017646207023049e+00
2.801861099923468323e+00
-1.128198661163200001e-01
4.776277850771764477e+00
4.328144101911046704e-01
-2.006913458940746686e+00
-4.448663201578145987e+00
-3.743391699910904258e+00
1.341257095430824720e+00
-3.426633728842546134e+00
-3.175550397769674404e+00
-4.279313147230307202e+00
-2.499737635256105150e+00
4.666698546468232678e+00
4.473155200853973668e+00
-2.090620806600487214e-01
4.125097885503778983e-01
3.491585774703404255e+00
-1.788108563115033078e+00
6.104215116246827222e-01
2.274621525535843958e+00
4.592805383659861462e+00
-3.576711602883584362e-01
-1.205052636895107554e+00
4.897369733087565180e+00
2.746665710399810223e+00
-4.131496169226709370e+00
1.464180622899643680e+00
3.317064777236559792e+00
3.587020460141596701e+00
3.508126986302183781e+00
-3.831982614645093044e+00
1.408273115449177659e+00
-3.044136822550954413e+00
1.786970357484748639e+00
3.520144890635439339e-01
-3.127537239893189103e+00
3.779060232944038589e+00
-3.479521686585104412e+00
3.503495119270013447e+00
4.856037917841032225e+00
-4.132451891728702975e+00
1.714574528663352915e+00
3.834859519702984443e+00
1.394734295319475237e+00
3.957373790815619685e+00
-2.069017425353287809e+00
4.792161538803252796e+00
3.785021845354142656e+00
3.333293052405450041e+00
4.711380493639561351e+00
2.896359367597937329e+00
-2.123042212121482919e+00
9.219491441478595561e-01
1.388676124453588123e+00
3.375449675687795192e+00
-3.231459182383533690e+00
4.722806419177953074e+00
4.813866761009672146e+00
1.937662969219651643e+00
4.726710013951066713e+00
-2.644207961832382381e+00
-1.742781720599214879e+00
-1.909763854061336197e+00
2.249302469459486531e-01
4.963309197900212411e+00
-2.829340112424707510e+00
-2.907874638710492565e+00
2.551208819011735685e+00
-1.559900612548576149e+00
-8.825093881784793481e-01
4.991784723768127208e+00
-4.599362935500707295e+00
-3.232004926819591617e+00
3.455494426206646708e+00
-2.712257256193486565e+00
3.045970711064995839e-01
2.667141638922663205e+00
3.563387594340976960e+00
2.721720569500173603e+00
-6.698692683028113493e-01
-4.850688296717699188e+00
-1.309105147729837881e+00
-3.410622360712272094e+00
3.668500438781268969e+00
-3.915396786586756939e+00
3.699274097411301199e+00
-4.062523969834792581e+00
2.955138088634590154e+00
4.008241718828779554e+00
2.441747723784991386e+00
-1.339721695457596340e+00
1.697261765212956242e+00
-3.978987461714957874e-01
3.836612991100537329e+00
-4.851713173487527619e+00
-4.546031039147013786e-01
3.107026597382288813e+00
1.369390373674806760e+00
3.184710499563113473e+00
1.014255808357873434e+00
-1.582859521691819538e+00
-1.690969225762152028e+00
4.416040170425416633e+00
-1.711020796295549040e+00
4.159579243775505475e+00
-1.600233898691447720e+00
-1.401955375472820009e+00
2.111074521967428730e+00
-3.167332153128776806e+00
2.252893232567167558e+00
8.532867034042768140e-01
2.877318181440142730e+00
-1.842904449105471354e+00
-2.878259642721548772e+00
2.888927293032622856e+00
3.993888091921194317e+00
-2.887185032769044035e+00
-1.390425584833312467e+00
2.494151583462188349e+00
1.744759798976414977e+00
-4.163593432185095367e-01
3.939923518145926451e+00
-3.740701183151868836e+00
-9.683033415416879564e-01
-3.405596529070671341e+00
4.922214480995222630e+00
2.804046237299556488e+00
1.967296383403161819e+00
-1.019315082335076283e+00
-3.332810618770374322e+00
2.169829318656896433e+00
-3.732334101235598389e+00
3.372290870011525499e+00
5.927037281260894019e-02
-3.390422135499634670e+00
-2.155690334113278261e+00
1.355441346483483578e+00
4.487523829390616115e-01
-1.212462231400378343e+00
3.522883942877776065e+00
3.353260205675503869e+00
4.628054363751028077e+00
2.067961410847729553e-01
-2.031470191271567138e+00
-2.140061538717038303e+00
-1.607166486864781696e+00
-2.790265639165003808e+00
3.691597601401404916e+00
-4.178249145984351820e+00
4.421143599126576618e+00
-9.378980448173290796e-01
-3.415350497167164434e+00
1.848700922251409473e+00
-2.345212932335398737e+00
4.412938812540824429e+00
-4.261800174162607036e+00
-4.988441965974392822e+00
3.945995190783659012e+00
-3.926270292314877342e+00
-4.330495090385135804e+00
3.883234092775907698e+00
1.322845239723122290e+00
8.169573430414134307e-01
-4.037547616326531141e+00
-9.157708420271326588e-01
-2.579892367472226056e+00
-2.678061538581830714e+00
3.753198611869873247e+00
-3.410104529567876686e+00
1.637743650191035627e+00
4.634734426387959516e+00
3.676610713397664654e+00
-2.995592556404196305e+00
-2.142068961162271190e+00
4.495539608660415354e+00
-3.517116665610893200e+00
3.952653327468189204e+00
-3.212480878697375530e+00
-2.017863100218366679e+00
-3.634793950460911915e+00
-4.860144646063673690e+00
1.901602650292641528e+00
2.119567505256410023e+00
-1.891504182364842634e+00
-1.175139831816038871e+00
-4.451715559900214281e+00
-1.992194438974456361e+00
4.455253867821721059e+00
4.312405068210786396e+00
-1.747156186650932419e+00
-1.375308708987655670e+00
-1.345832661076078463e+00
2.857659054732932802e+00
-4.498103910251451509e+00
-9.639416158336366891e-02
2.658644990844383216e-01
2.458888592888320623e+00
1.241317486976636353e+00
-1.370261859663255422e-01
3.539806725810588972e+00
-4.635040646150383026e+00
2.341988695829138045e+00
-4.781107938678501590e+00
4.986052618020545779e+00
-4.618789001546634410e+00
3.218825895804569015e+00
-2.731097538521835233e+00
-4.532590689063401790e+00
-1.645260169627382751e-01
1.530740676992441429e+00
2.176661399569525202e+00
1.824911848757890809e-01
-4.372819931008873340e-01
1.220668647908976112e+00
-2.337356816514918556e+00
-3.926905989993900725e+00
-2.700486645020040655e+00
1.597832105619598764e-01
-1.445607148932363195e+00
3.912338481896039610e+00
-5.386041937342334052e-01
2.051546153171734943e-01
-3.537686262417096827e-01
-1.103914280368928580e+00
3.794893880729583557e+00
1.622531723242543578e+00
3.292984152892685756e+00
4.226783799269401953e+00
1.031989870516736296e+00
-3.146527542535758393e+00
-3.345140722509198028e+00
-2.987228173531532249e+00
-4.776817211049444012e+00
-1.473111690830202214e+00
4.412682449715079613e+00
-1.157146347255734398e+00
-4.640267275839934591e+00
1.206395521331650400e+00
3.427153326371026765e+00
-4.773506981201515842e+00
-3.019828735070010595e+00
-3.736197666352575553e+00
2.220571328531031341e-01
-1.642196042175021464e+00
3.086712889693833617e+00
7.091161451591379006e-01
-2.825693553786627898e+00
-3.301787085159405777e+00
1.220695932489861413e+00
3.206128352875769139e+00
-1.526189623052466082e+00
-3.147397754726364294e+00
-4.755268955551811061e+00
1.758506986521240378e+00
4.377129495498332190e+00
4.640353727077457080e+00
-9.459476536211504083e-01
-4.732889393359023700e+00
-4.418714157747353433e+00
2.839464706103909997e+00
4.063383991924037986e+00
3.850234974671707278e+00
3.396704202329615896e+00
3.157338562122086856e+00
-1.341316972641116934e+00
3.727867172021523956e-01
4.552573313175098946e-01
-2.127914113781766758e+00
3.660059848815793160e+00
3.651892581923299019e+00
1.713748708390720132e+00
-4.709820474743656504e+00
-2.121789642084679350e+00
-3.659705514919124880e-01
4.915601914487496060e+00
-1.255398512019583190e+00
3.221474135790312943e+00
1.858335547421625655e+00
4.423476477012023622e+00
-2.975678137844877114e-01
-1.981465962023917449e+00
3.813695284622800941e+00
-9.920505755314028562e-01
-2.521635078913666561e+00
-4.808561329412666119e+00
-6.643291491529526027e-01
3.388221458629567806e-01
-4.333206891040940256e+00
-2.949852268641880215e+00
-2.820715785401881615e+00
-3.864333212551045449e+00
-1.870384485251462614e+00
4.601821927849492511e+00
9.002417491234204761e-01
-4.623563088811026844e+00
1.549012315827734909e+00
-1.203680349411820671e+00
1.151472430867897856e+00
-3.933828682922176689e+00
4.366077820990728497e+00
-3.773166904092880358e+00
-1.249469813382608763e-01
8.339194807580696533e-01
4.658330571068324488e+00
3.940435570949036403e+00
2.687175166861607067e+00
5.684701118192627689e-01
-4.277546427549804520e+00
2.019467038676003412e+00
7.885996946801920870e-01
-2.392176877126774848e+00
-4.958670146451559013e+00
1.515358814522446806e+00
-1.602605554771665552e-01
2.876693304588674671e+00
-2.991892721849853665e+00
-2.855736393621359781e+00
5.679103664854761035e-01
-2.926440701226077579e+00
3.313098783206539721e+00
1.181191861420247236e+00
-1.303756874796400123e+00
-2.089558892457580086e+00
1.867428292017172531e+00
3.438746532413963664e+00
9.290290616220753250e-01
4.063642754830841142e+00
-4.757812229438521889e+00
-3.125586438196043204e+00
1.517096607848333889e+00
2.123051802600706139e+00
3.861480710482776857e+00
-4.374533578495850783e+00
3.574685852100806471e+00
-4.676575347084827250e+00
-6.967504539048388068e-01
1.603298914435918654e+00
-3.982101391380835409e+00
1.703378564925684735e+00
4.962805018743260632e+00
2.918580121311142861e+00
2.345311501199358162e+00
-3.532970567555475672e+00
-3.734115140768997421e+00
3.841170489802433252e+00
3.653559225434705127e+00
4.818567461207424074e+00
1.036496643138427487e+00
1.881484965636865070e+00
1.900263394283804530e+00
-2.135638414827867315e+00
-2.296105760133797524e+00
-2.108181924022642928e+00
2.211259063912334177e+00
3.058312190690152477e+00
-1.666201489400865654e+00
-4.158602202745354859e+00
2.743544869708651746e+00
-4.940746266125142228e+00
-3.118984376639969192e+00
-9.476757620325386711e-01
4.253261557540694682e+00
7.737919021171872913e-01
9.664754112987603563e-01
-3.404661843491405548e-01
-4.196173656332453206e+00
3.717531789707537726e+00
-1.233737451130421103e+00
-2.022194354361634083e+00
-1.078369610498111086e+00
-2.212774136427712257e+00
4.443722842748000446e+00
-8.238181655509713153e-03
3.571323698522308021e+00
-2.872798078332991167e+00
-4.840980468291400385e+00
-4.064122299342121103e+00
-3.416604545017474237e+00
2.014778554807924671e+00
6.145454948880004764e-01
-4.229178732876661684e-01
-6.479256834032520729e-01
-2.953357525520574622e+00
-4.651672318540751583e+00
-3.455626284480928234e+00
-4.595616687545854617e+00
-2.461967524873537094e+00
1.908793252429509479e+00
2.817958084966813104e+00
1.914081142285040116e-01
-1.759687168442000349e+00
2.162425523061600963e+00
1.772881484156294540e+00
-3.553038504900055905e+00
2.165167617124680532e+00
-3.957766769862419487e+00
-3.027141124646885117e+00
-3.436571438375532139e+00
-5.271489042532797598e-01
-4.715504447317896641e+00
3.651628747121129948e+00
-3.326020774438566363e+00
-9.681188678527039571e-01
-3.699759216890278424e+00
-3.824082390753016369e+00
-3.040083938057477120e+00
-4.122568537239637010e+00
1.933007845854161744e+00
-4.901189880489345896e+00
-3.676840115842202827e+00
-2.854365789696565514e+00
-3.730955017402354024e+00
-2.331268960444081717e+00
-3.412511628286158949e+00
1.926691426911438576e+00
1.253382479227856727e+00
4.260287188521306945e+00
1.832670980918466697e+00
-3.912665956386537580e+00
1.524892519294689386e+00
1.145084182186927535e+00
3.438957202143797076e+00
3.203382511030374857e+00
3.964567779527406799e+00
2.643031183750334634e+00
-2.808283414653984789e+00
1.258345824485065378e-01
2.181285176234073475e+00
1.136251816505882140e+00
2.649996001844875160e+00
-1.344892714088440577e+00
-4.309229011759734718e+00
3.072441876542526984e+00
-2.827547493321093341e+00
-1.038946717435248246e+00
4.812218962012837054e+00
-3.582288555111845518e+00
8.650057382384375160e-01
-9.316250766875562306e-01
3.878622357750314720e+00
4.911129776212039388e+00
2.999380119335627981e+00
-5.911858026630403273e-01
-1.031248170544785125e-01
-2.264527741976913866e+00
-9.805443706748109278e-01
-3.141448047855908143e-01
-2.738392420451863707e+00
2.079174203313351121e+00
-9.700315288886045550e-01
3.839812249962022861e+00
-3.906292092416825401e+00
-1.374100359187968579e+00
-3.845426710804316084e+00
-1.581748073048635739e+00
-1.630717684444201510e+00
9.346452151441839717e-01
4.625885008476673832e+00
-3.224491348388087708e+00
-2.863077848939397096e+00
9.012196197908393103e-01
-2.218652104092577737e+00
2.287006864512443727e+00
-9.547716494943863097e-01
1.944330485445449064e+00
7.444053141053750267e-01
5.458987209090633286e-01
-2.339170107062841453e+00
-2.623553986834049390e+00
2.351530569295523065e+00
-4.222868804582970093e+00
-1.050950752054876425e+00
2.716295172822289494e+00
3.910263574357644600e+00
-1.965402629623156372e-01
-1.374799186436729492e+00
1.616126596384940051e+00
3.165506745867650906e+00
-9.714272756990993685e-03
-4.318571961720810926e+00
-2.739860368484774433e+00
2.483696900123741003e+00
4.906284814015183571e+00
-4.331816204285222405e+00
1.145156694842030198e+00
-2.747646082243293542e+00
-9.743465550834793376e-01
-1.010167776323748434e+00
4.688903721527619695e-01
-4.148153133879311838e+00
-4.041405640385962172e+00
-2.983487695580642196e-01
3.576680892002727319e+00
1.924747216844945541e+00
-3.828173023324015212e+00
6.992875012012582658e-01
-4.194807586117032194e+00
2.906017981472651890e+00
1.858334262054429864e+00
4.887248867836300192e+00
-7.469864417495530873e-01
9.416611209005312233e-01
-8.979874816346820054e-01
-1.779397976182020891e+00
-1.913558446445994043e+00
2.976882271942446145e+00
-3.363777662312745775e-01
4.664491458083539044e+00
2.728824367265131556e+00
1.771527575500540408e+00
-3.021439591054742912e+00
-4.753926879685153040e+00
2.379793219083915723e+00
2.806229837718996478e+00
2.978451520838577338e+00
1.090925564167442907e+00
2.946192274412947398e+00
-2.811161916851592224e-01
-2.637519249835929003e+00
-4.659029585816345076e+00
-4.664770072094568398e+00
-2.657742039011510293e+00
3.210529181635235929e+00
2.490583538964066257e+00
-2.499179079912269508e+00
-2.976257567902175438e+00
-4.920790708542819303e-01
4.034310211094002341e+00
4.332880063883855826e+00
-1.540413948911985020e+00
2.183951738617015081e+00
-2.014683538666162121e+00
3.256809496047679886e+00
-2.246218440242211400e+00
-2.440435771504425588e+00
-4.188243223172849028e+00
-7.889752288524496393e-01
4.692306935834610115e+00
4.465598454834944775e+00
3.796621969316138490e+00
5.152129089252888150e-02
-4.333458991216759593e+00
2.063518165728771336e+00
-2.776181579235519337e-01
-2.397488950985921186e+00
-4.748708670358148254e-02
-1.567821861824687524e+00
-4.003535320877411152e+00
8.057704127741214251e-01
9.817071192705970617e-01
-2.995754739647020770e+00
4.773647203492272340e+00
1.877186798007829616e+00
-2.604610023059559243e+00
-4.809731890837557700e+00
-2.390115133077692633e-01
-2.247814976805257103e+00
-3.670698160065899440e+00
-2.131170730824702986e-01
2.207328924588562558e+00
3.367489717081262768e+00
4.304381030323234825e+00
-3.561304971932213181e+00
2.897106872790093490e+00
2.837136644991574919e+00
1.406017870133899450e+00
-1.140308026034792199e+00
6.137683356548233604e-01
-2.285832731245887040e+00
-7.330227680559442405e-01
-2.135211798803222649e-01
2.207383633884314023e+00
2.407940824743945996e-01
-3.865956038431658470e+00
2.547138915288443606e+00
-2.738275169608877846e+00
4.616066539923084022e+00
-6.485324132674019637e-02
4.779177303140361488e+00
1.183949684064774743e+00
1.965239457176179982e+00
1.184583585864520394e+00
-3.752265677044697156e-02
-2.332199362092168826e-01
2.700719908201118180e+00
-1.393162549391382399e-01
4.732011985713285185e+00
1.930262901737474834e+00
-2.850348901051007466e+00
-3.563709491504158944e+00
-9.505173985637469514e-01
3.657379333988863834e-01
1.162820897172136547e+00
3.597117733706774345e+00
-2.700950910067989597e+00
-7.570611005505734070e-01
-4.227733703751967553e+00
-2.334502038168989380e+00
3.195548543981773904e+00
-1.097083854729161700e-01
-1.308412765800684774e+00
2.246944695372999234e+00
4.460915923471999278e+00
5.388670102617023616e-01
-2.466528933502166510e+00
-3.110144782180498169e+00
3.114681485477577283e+00
-1.367885903374796985e+00
-5.676588987255275498e-01
4.809454108172289466e+00
2.707446870643741121e+00
4.392018730656639391e+00
-4.961300361508623524e+00
-1.305446461227916188e+00
-1.785436698116491527e-01
-8.785418189721649895e-02
-4.822039528414466147e+00
2.265744667217635566e+00
4.838990621180263574e+00
-4.908866957199199632e+00
1.841581857597075711e+00
1.730584877131566834e+00
-2.166449945561004231e+00
2.696792971823272822e+00
-2.840286274596389937e+00
3.133138277725462828e+00
1.800731562460890167e+00
-4.203304299803458655e+00
2.946873166055849147e+00
-4.877429385266733419e+00
-6.820881406597880670e-01
3.163073039416223864e+00
-1.645663642094654655e+00
-1.735487158742079483e+00
-1.952603680397999586e+00
-3.148776677803670765e+00
-2.067834942182643410e+00
4.776478281599501940e+00
4.254515746745799021e+00
4.515832641750099796e+00
-2.059120260320845830e+00
2.906995764243678337e+00
1.580333219248465149e+00
-3.812237780050402591e+00
-4.167999008937518290e+00
-1.385030807808995679e+00
-4.209901093779850889e+00
2.898039794106059830e+00
8.541343993621435260e-01
-1.052184395686543983e+00
-9.538032185873399627e-01
3.084785928239327291e+00
-2.608404261158622006e+00
2.480906977137974145e+00
-3.155382061159128781e+00
4.255317876885577277e+00
3.640878203034901617e+00
3.079576329041056937e+00
3.188382900461451896e+00
-4.125534267444210812e+00
4.813265775160681770e+00
-5.057045195510756486e-02
-3.029704140716073191e+00
8.211143971830070498e-01
3.052920306223342095e+00
5.559027508337246459e-01
4.903047553561259875e+00
3.529394028852710363e-01
3.580432229953014911e+00
-4.536179003652881292e+00
1.440040558787829994e+00
1.864218066991668366e+00
-2.123443791785560641e+00
4.361798431989505787e+00
-4.815757208998744154e+00
-1.381811773591818060e+00
6.115435483953923779e-02
3.109593293794322477e+00
2.796679063662689479e+00
-3.812266991085413448e+00
4.290907447836481481e+00
-4.628116285552328790e+00
-3.255195328262845411e+00
3.691776133754258282e+00
2.409789063791274444e+00
1.435917406879703151e-01
-4.946589555640321656e+00
-4.289693713554223464e-01
4.919515804695183903e+00
2.525038566134753637e+00
4.591186911021642558e+00
-7.880064985614287920e-01
4.485527242693676087e+00
-9.538804710571096024e-01
-2.581869421919803287e+00
1.109206826425090497e+00
-4.644662170267920054e+00
1.493045000007322543e+00
4.371269340260566238e+00
1.518952652057974362e+00
-3.861429460764764787e+00
2.536089974470296937e+00
-3.252592740469992805e-01
-2.526441208026165341e+00
-1.077008728235421486e+00
-3.317452519697567936e-01
-2.267932686892693006e+00
-5.646410100257481801e-01
-3.404517473572741260e+00
4.100519106506514078e+00
2.308735715029452962e-02
3.375072729175894182e-01
3.006006520843385488e+00
-3.805789369888686657e+00
-2.666024388746279783e-01
-4.668984796776058488e+00
4.471542913343530046e+00
9.540484496908732126e-01
-4.733646877714220658e+00
3.455526612964511912e+00
2.015929822628603318e+00
-2.269252605215831053e+00
2.307791535380717463e+00
-1.336770314092624368e+00
2.819296359497371895e-01
-4.927928457894460657e+00
-2.200509858886672276e-01
-3.214463853225844048e-01
3.151228896331993212e+00
4.688355782639243685e+00
-4.813601840474879268e-01
2.062199735696067293e+00
2.030038657631791921e-01
1.076870360822137940e+00
-4.280014634321288369e+00
2.743825296684754278e-02
6.624555685102651026e-01
-4.971692147183315313e-01
3.777013881748572999e+00
-8.302489494465863373e-01
-2.049299589089072171e+00
8.925511700135349002e-01
1.175460150885022870e+00
1.475941237954754293e+00
2.993004295664477787e+00
-4.578907656958524974e+00
9.424881376860714255e-01
3.028809555754657268e+00
4.776080074517260243e+00
-1.041251889549302589e+00
3.990662696048081770e+00
-4.550730634165251587e+00
-3.633574375569196491e+00
-2.053442167605839863e+00
1.715691393864866576e+00
-3.251080499037243499e+00
3.513578392573689868e+00
1.611870843044686197e+00
-2.237301231602212503e+00
-4.193630270480177558e-01
4.356147259743540445e+00
3.919851991115274714e+00
1.057813631466748561e+00
-2.896158282583344068e+00
-2.504365015435393360e+00
4.431407016088124706e+00
-1.154439496512424945e+00
4.749699961258038172e-01
4.692615152221707220e+00
5.444496089772918879e-01
4.840736969497259068e-01
-1.157554474546770074e+00
-2.254588699612275704e+00
2.873876965063702826e+00
3.208595924667697830e+00
-3.377342446439259849e+00
9.443655557605108442e-01
2.829341163304436080e+00
-2.403521759410685021e-01
-2.647513252279589668e+00
1.467338048768784375e+00
3.029734592648210878e+00
-1.186990409329944374e+00
-4.014398604714056518e+00
6.765050952692250874e-01
1.025792502417814944e+00
1.947879158666854238e+00
-4.635030410704392700e+00
1.512752377015075922e+00
-2.174013015309785857e+00
5.597692746267135533e-02
-1.384542609116827805e-01
-1.732516923151903310e+00
-3.534336840729057627e-01
2.129690980157523228e+00
4.237663506978501360e+00
-4.053121407812452226e+00
1.284784301827070152e+00
5.612685978442444323e-01
3.191459792600108258e+00
-1.455433477333192283e+00
-3.392234932062445640e+00
-2.715238641583041179e+00
3.631884017456671998e+00
4.830226366128499649e+00
-4.122686022155296115e+00
2.528963863286969094e+00
8.335889989900397978e-01
-4.527034128594195295e+00
4.248051005906869904e+00
-3.630872208514068777e+00
1.671727205915329861e+00
2.223416741243648076e+00
-2.275965985158563409e+00
-9.312662275032668191e-02
4.159300666847000727e+00
-4.212298398290517554e+00
-2.137309056127437934e+00
2.549729768460617052e+00
3.272706373781090861e+00
1.843543969754570355e+00
1.838350751622913393e+00
-3.588748444932626569e+00
3.282291395126808453e+00
2.182641018479072770e+00
-3.781236481938111460e+00
-2.517260619471588523e+00
-1.502227979447340545e+00
-2.683938163051207137e+00
3.791428549702198225e+00
2.050492952134401747e+00
-4.373060589524691011e+00
2.955292639250997055e-01
-4.933357517361450562e+00
-2.210458615354667700e+00
-4.250671093312300641e+00
-2.023713557461045198e+00
4.614851231508570351e+00
-4.246430837362057176e+00
4.119244233588116089e+00
4.211655265238746892e+00
9.526127945733708913e-01
-3.419947964248181371e+00
1.972459834696618231e+00
-1.632980302902994119e+00
3.483959174903141331e+00
-4.127502812735741600e-01
-2.392307378350559954e+00
-1.025279098791738175e+00
-4.057374052018447586e+00
2.233205878681970624e+00
-7.669127761154204137e-01
4.542565130652945982e+00
1.612739755878079606e+00
9.588848642036129633e-02
1.833575470453880030e+00
-1.771251498565823645e+00
4.368553262489347944e+00
-5.754710650152192741e-01
4.170323275206284208e+00
2.126639852496068350e+00
6.298157340607346555e-02
1.115662687692330124e+00
-2.811822669012546960e+00
3.848789147244502828e+00
-4.530025677135948392e+00
1.001170336061369959e+00
5.046037078377931806e-01
-2.132277576721930412e+00
-5.780309602426232374e-01
2.870100535912070150e+00
1.270730317511716834e+00
2.503473727957956640e+00
-1.003110722118826459e+00
-2.649055634381103363e+00
-9.485420951051164451e-01
-3.724315234828373455e+00
3.465831298451643505e+00
-1.941066931216064440e+00
-2.537542254444518974e+00
4.853851864645339020e+00
1.028119771157470552e+00
-1.996202492623067037e+00
-4.030933594309872525e+00
4.056509008692684048e+00
-3.626682433699173203e-01
-2.420414965060645685e+00
-3.799363975907008584e+00
8.895003336876694533e-01
4.289454397796042429e+00
1.873385000977681791e+00
-4.802006900957316304e+00
-3.025430899460669565e+00
4.374700762024875900e+00
4.078698613218568525e+00
-3.086559195115534671e+00
1.440343704725698615e+00
2.705544075770136558e-01
2.346653217725744867e-01
2.856925225520602574e+00
-4.750804747977076303e+00
1.844315292974153309e+00
-3.911926805715462141e+00
4.628729169720294578e+00
-4.539621305011810826e+00
2.725192924036128339e+00
2.785237032594127804e+00
-2.643986205282731206e-01
1.374520643597278990e-01
4.775394075735066579e+00
2.385089962767059646e-01
-3.082421726937862871e+00
-3.956695660211160259e-01
-1.760075865821276508e+00
-2.725725192485544124e+00
-1.381407433940011753e+00
-2.637625477821872177e+00
-3.640635515180391302e+00
-6.427246614994803764e-01
-4.551300631162468413e+00
-3.969591197618724809e+00
2.014507229987550829e+00
2.795016996804839948e+00
-3.588423053709910437e+00
4.517993558636186791e+00
-3.453605677485582781e+00
-3.065107705163052643e-01
3.094641737800316150e+00
-4.434490622285077066e+00
4.788054369083219797e+00
4.178848249916827129e+00
3.136028747071026856e-01
-4.824379117906110181e-01
-1.978560117139052110e-01
-9.891194555475077976e-01
2.723935115233783399e+00
2.630618144516985168e-01
-2.863385897208176267e+00
4.282144708316510062e+00
-1.891514996365870616e-01
1.645492111684822234e+00
-1.565317748109849916e+00
-3.204354258374340070e+00
-2.043353259759808083e-01
-3.987558333301506330e+00
-2.733324031256618714e+00
-2.286832695253408154e+00
3.319133305400631784e+00
1.767392426875389333e-01
8.349311341427885225e-01
-3.516415153270663119e+00
-4.575539952662586174e-01
2.114701279306036241e+00
-3.008045690069890199e+00
-4.596441234167283341e-01
-3.631087660554637164e+00
4.342853724086705114e+00
-1.250384084703823895e+00
-2.895760842499666143e+00
1.024466048797597395e+00
-2.691208854841062870e+00
4.661959926197328130e+00
-7.187038693908380793e-01
-6.474589225416842453e-01
-1.851760972638491154e+00
-2.208381213524033271e-01
-4.579751454659826138e+00
-2.420934692258457588e+00
4.942712897619331969e+00
2.300775089351599689e+00
-9.502885792917385999e-01
3.482037377543976575e+00
3.104047326468862167e+00
-3.817081278708648107e+00
4.528925592910894693e+00
-2.877796755343321244e+00
3.451709304626565000e+00
-5.557435112046436032e-01
-1.561643932274940916e+00
7.712548496521076657e-01
2.275608096080118159e+00
-6.834728924543762574e-01
-5.298787811171017381e-01
4.462819843105018336e+00
-5.396816554483194750e-01
4.733534920982144456e+00
1.554484941725892355e+00
-3.680435302095196093e+00
-3.973467184921633866e+00
-1.261542009612072412e+00
-1.674595289915052909e+00
-4.665762172268336450e+00
1.038447345731681182e+00
4.351524704319237102e+00
4.586110377452571996e+00
3.122987448226789198e+00
5.104842831581528628e-01
4.145126437587080659e+00
1.341771796995856469e+00
-3.970472499894452056e+00
1.922383754364193287e+00
