7.122894651060481808e-01
4.929799535915420083e-01
8.525288195430816174e+00
-1.149491635253242272e+01
-4.260101330906914896e+00
-1.072037863539019309e-01
7.736968027125005198e-01
3.619362047136291949e-01
1.948472658500528976e+00
2.913529164352150591e+00
6.445379483385699215e-01
-1.484687993499255398e+00
9.583173579525873231e-01
2.145130385611765389e-01
1.607452110451907279e+00
1.360658497628519370e-01
4.087701492594065789e-01
1.714799283668642094e+00
6.521094637628336521e+00
1.361632838006710200e+00
7.949511374183467760e-01
-3.668035617658089720e-01
9.512627149310592944e-02
-1.060247471140029374e+00
-1.290427050853443669e+00
-1.151791115509317009e+00
-7.509773312698546199e+00
-1.478732092261216269e-01
-5.291682458208901707e-01
-9.121189473777893131e-01
5.872249087261511846e-01
-2.834509366061762070e-01
-1.541799370628790022e+00
4.438080119106927457e-01
1.485055912946804169e+00
-7.155716715358321212e-01
-8.445645715396358222e-01
3.537702009642785250e-01
-2.042528139367427720e+00
-7.539324199796334502e-01
-1.051195989713610279e+00
2.682652295738180648e+00
-6.123148193971132969e-01
-9.895903510942687387e-01
5.344852117876420783e-01
-1.294364710130047724e+00
-6.484264871264904251e-01
3.139256293313597013e-02
1.906809469678661495e+00
4.399179709312164732e+00
-1.554102994177598562e+00
-1.182048094927286463e+01
4.015219257313395573e+00
4.084507224332489458e-03
2.288838446337779331e+00
4.456484270068066800e-01
-4.520214236324407331e+00
3.123235326524058664e-01
1.702739112141049782e+00
-3.830815388358641993e+00
1.949971079779686811e-01
3.017583889111956186e+00
-3.081781093492016677e+00
3.794532054382681457e-02
-6.773725313857850150e-01
-3.995970296020451507e+00
-1.835355950549739878e+00
-2.560853545697360789e-01
-1.418745928859878325e-01
-2.640513917355209905e+00
-3.069068978880330700e+00
3.245821047481944888e+00
3.815803211906658721e+00
1.053440057082161152e+00
-2.848592586318824948e-01
-2.821457744771588977e-02
8.449277626799014396e-01
-5.411332955494815522e+00
-8.346800048935422434e-02
8.395063730571543370e-02
-2.701181673898921165e+00
-7.119768076405786905e-01
