-2.504783379482932659e+01
-2.244166797661272383e+01
6.297239685226678318e+00
-7.946151883928928683e+00
-2.078866215056274669e+01
-1.474457235301322022e+01
2.665011714100943063e+00
-8.692942445332555224e+00
1.128002962427613909e+01
1.085971072841838492e+01
-3.936392245748513119e+01
4.148196510148602911e+00
-1.446611287642446264e+01
-1.940398015646509577e+01
1.198161040192175975e+01
-1.305012027892484028e+01
1.344843298830327605e+00
-1.257594181140674650e+01
-2.551393486289984835e+01
3.543127326692666657e+01
3.457413745241655789e+01
2.595248912328613855e+01
-1.726972240611237908e+01
-9.583530490976090999e-01
-6.862464625141982744e+00
-7.282415763796835861e+00
-8.360856963981632362e+00
1.207600812508314192e+01
-2.601963520685148357e+00
2.494394359321413646e+01
2.664460889763165952e+01
4.449797988595912024e+00
-4.564209019736652273e+00
-6.588549660756122250e+00
-5.923235877529117843e+00
2.083144272718014989e+01
-1.605215615022533981e+01
-2.223491995083128003e+00
-5.703887205137123217e+00
-1.282475888950110665e+01
-2.746298191433623970e+01
-2.229366203824800152e+01
-1.373436285518311806e+01
-2.127665822988901922e+01
4.515615167260747853e+01
2.611283229159971242e+00
1.237114613246423112e+01
6.655500530085726396e+00
2.059182435556605384e+01
-7.370112682241876101e-01
7.090567121486722080e+00
-3.709105505814399351e+01
-5.017960703801717770e+00
-2.195531945430163390e+00
-8.308907807414815494e+00
2.404978669905284505e+01
1.916928429505155762e+01
9.297638472678126931e+00
1.002576808012191556e+01
-1.961894851322679045e+01
-2.442146198510537936e+00
1.869612438346819872e+01
8.991216664307476236e+00
6.632526343102147948e+00
-3.692665987555066920e+00
1.517519031611155178e+01
3.080839168914768500e+00
1.201627393706722113e+00
-1.267775963198867117e+01
-1.968440602282320739e+01
-1.294737002894225597e+01
-4.726828475517886652e+00
1.254321710819496438e+01
-1.712514413350077369e+00
-5.775716215171310175e+00
2.108503720500702006e+00
8.036251592939747113e+00
3.391942908830002068e+01
-9.533777654286025083e+00
-2.067242230948389903e+01
-1.536056980195182398e+01
-2.840285254737227305e+01
